Temperatura A,Temperatura B, Diferencia,Voltaje
22.47,18.92,3.55,0.01
22.68,20.25,2.43,0.02
22.88,18.92,3.96,0.02
23.08,16.16,6.92,0.03
23.29,18.92,4.37,0.04
23.29,18.92,4.37,0.04
23.70,20.25,3.45,0.04
24.52,17.56,6.96,0.06
24.93,18.92,6.01,0.06
25.76,16.16,9.6,0.07
26.17,17.56,8.61,0.07
26.79,17.56,9.23,0.08
27.62,17.56,10.06,0.09
28.45,17.56,10.89,0.09
29.49,17.56,11.93,0.11
30.11,16.16,13.95,0.12
30.73,16.16,14.57,0.12
31.77,16.16,15.61,0.13
32.39,14.71,17.68,0.13
33.43,14.71,18.72,0.14
34.25,13.21,21.04,0.15
35.49,17.56,17.93,0.16
36.71,18.92,17.79,0.15
37.53,17.56,19.97,0.17
38.54,17.56,20.98,0.17
39.74,16.16,23.58,0.17
40.73,18.92,21.81,0.17
41.91,17.56,24.35,0.17
43.07,17.56,25.51,0.18
44.02,20.25,23.77,0.19
44.96,18.92,26.04,0.20
46.43,17.56,28.87,0.20
47.32,18.92,28.4,0.20
48.37,18.92,29.45,0.20
49.39,17.56,31.83,0.21
50.38,17.56,32.82,0.21
51.18,18.92,32.26,0.22
52.25,18.92,33.33,0.22
53.14,18.92,34.22,0.23
53.98,17.56,36.42,0.23
54.79,18.92,35.87,0.24
55.55,18.92,36.63,0.23
56.28,20.25,36.03,0.23
56.85,18.92,37.93,0.24
57.28,21.55,35.73,0.24
57.59,17.56,40.03,0.24
57.99,18.92,39.07,0.24
58.46,21.55,36.91,0.25
58.72,20.25,38.47,0.24
58.98,18.92,40.06,0.24
59.14,20.25,38.89,0.24
59.30,21.55,37.75,0.24
59.38,18.92,40.46,0.24
59.45,22.82,36.63,0.24
59.53,20.25,39.28,0.24
59.45,20.25,39.2,0.23
59.60,18.92,40.68,0.23
59.53,22.82,36.71,0.23
59.53,20.25,39.28,0.23
59.60,20.25,39.35,0.23
59.45,22.82,36.63,0.23
59.60,20.25,39.35,0.23
59.53,21.55,37.98,0.22
59.45,21.55,37.9,0.23
59.45,22.82,36.63,0.22
59.53,22.82,36.71,0.22
59.45,21.55,37.9,0.22
59.38,24.07,35.31,0.23
59.38,22.82,36.56,0.22
59.38,21.55,37.83,0.22
59.45,21.55,37.9,0.22
59.38,24.07,35.31,0.22
59.38,22.82,36.56,0.22
59.38,22.82,36.56,0.22
59.38,22.82,36.56,0.22
59.38,20.25,39.13,0.22
59.45,22.82,36.63,0.22
59.38,24.07,35.31,0.22
59.30,22.82,36.48,0.21
59.30,22.82,36.48,0.21
59.38,21.55,37.83,0.21
59.38,24.07,35.31,0.21
59.38,25.29,34.09,0.20
59.45,22.82,36.63,0.21
59.30,22.82,36.48,0.20
59.45,26.49,32.96,0.21
59.38,25.29,34.09,0.21
59.45,22.82,36.63,0.20
59.30,25.29,34.01,0.20
59.38,24.07,35.31,0.20
59.30,24.07,35.23,0.20
59.45,24.07,35.38,0.20
59.30,22.82,36.48,0.20
59.30,25.29,34.01,0.20
59.30,24.07,35.23,0.20
59.38,22.82,36.56,0.20
59.38,24.07,35.31,0.20
59.30,26.49,32.81,0.20
59.30,25.29,34.01,0.19
59.30,22.82,36.48,0.19
59.30,25.29,34.01,0.20
59.30,26.49,32.81,0.19
59.30,24.07,35.23,0.19
59.38,25.29,34.09,0.19
59.30,25.29,34.01,0.19
59.30,25.29,34.01,0.19
59.30,26.49,32.81,0.18
59.30,25.29,34.01,0.19
59.22,25.29,33.93,0.19
59.38,25.29,34.09,0.19
59.30,25.29,34.01,0.19
59.14,26.49,32.65,0.18
59.22,26.49,32.73,0.18
59.30,26.49,32.81,0.19
59.22,26.49,32.73,0.18
59.22,25.29,33.93,0.18
59.14,26.49,32.65,0.18
59.22,24.07,35.15,0.18
59.22,26.49,32.73,0.18
59.14,25.29,33.85,0.18
59.06,27.66,31.4,0.18
59.14,25.29,33.85,0.18
59.14,25.29,33.85,0.18
59.14,25.29,33.85,0.18
59.06,25.29,33.77,0.18
59.14,27.66,31.48,0.18
59.06,25.29,33.77,0.18
59.06,26.49,32.57,0.18
58.89,25.29,33.6,0.18
59.06,25.29,33.77,0.18
59.06,25.29,33.77,0.18
59.06,25.29,33.77,0.18
59.06,25.29,33.77,0.17
59.06,26.49,32.57,0.17
59.06,25.29,33.77,0.18
58.89,27.66,31.23,0.18
58.98,27.66,31.32,0.17
58.98,25.29,33.69,0.18
58.89,26.49,32.4,0.17
58.89,25.29,33.6,0.17
58.98,26.49,32.49,0.17
58.89,26.49,32.4,0.17
58.89,27.66,31.23,0.17
58.81,25.29,33.52,0.18
58.81,27.66,31.15,0.17
58.81,24.07,34.74,0.17
58.72,27.66,31.06,0.17
58.72,26.49,32.23,0.17
58.72,26.49,32.23,0.17
58.72,27.66,31.06,0.17
58.64,26.49,32.15,0.17
58.72,25.29,33.43,0.17
58.64,25.29,33.35,0.17
58.64,26.49,32.15,0.17
58.55,26.49,32.06,0.17
58.64,27.66,30.98,0.16
58.55,27.66,30.89,0.17
58.55,26.49,32.06,0.16
58.55,26.49,32.06,0.16
58.46,27.66,30.8,0.16
58.55,26.49,32.06,0.16
58.46,27.66,30.8,0.17
58.55,26.49,32.06,0.17
58.46,24.07,34.39,0.16
58.46,27.66,30.8,0.17
58.46,26.49,31.97,0.17
58.46,26.49,31.97,0.16
58.37,26.49,31.88,0.16
58.37,26.49,31.88,0.16
58.27,27.66,30.61,0.16
58.27,25.29,32.98,0.16
58.37,26.49,31.88,0.17
58.27,26.49,31.78,0.16
58.27,27.66,30.61,0.16
58.27,25.29,32.98,0.16
58.18,25.29,32.89,0.17
58.18,27.66,30.52,0.16
58.09,27.66,30.43,0.16
58.18,26.49,31.69,0.16
58.09,27.66,30.43,0.16
58.09,27.66,30.43,0.16
58.09,26.49,31.6,0.16
57.99,28.81,29.18,0.15
58.09,27.66,30.43,0.16
57.99,27.66,30.33,0.16
57.99,26.49,31.5,0.15
57.99,27.66,30.33,0.17
57.99,26.49,31.5,0.16
57.99,26.49,31.5,0.16
58.09,27.66,30.43,0.17
58.09,26.49,31.6,0.18
58.18,26.49,31.69,0.18
58.18,25.29,32.89,0.18
58.18,26.49,31.69,0.19
58.27,26.49,31.78,0.19
58.37,26.49,31.88,0.19
58.37,26.49,31.88,0.19
58.37,26.49,31.88,0.19
58.37,27.66,30.71,0.19
58.18,26.49,31.69,0.20
58.27,26.49,31.78,0.20
58.27,27.66,30.61,0.20
58.18,26.49,31.69,0.20
58.09,26.49,31.6,0.19
58.18,26.49,31.69,0.20
57.99,25.29,32.7,0.20
58.09,26.49,31.6,0.20
58.18,27.66,30.52,0.19
58.09,27.66,30.43,0.20
58.09,27.66,30.43,0.19
58.09,27.66,30.43,0.20
58.18,27.66,30.52,0.20
58.09,28.81,29.28,0.20
57.99,28.81,29.18,0.19
57.99,27.66,30.33,0.20
57.89,26.49,31.4,0.19
57.89,27.66,30.23,0.19
57.79,26.49,31.3,0.20
57.89,28.81,29.08,0.20
57.99,28.81,29.18,0.20
57.79,28.81,28.98,0.19
57.89,27.66,30.23,0.19
57.89,27.66,30.23,0.19
57.79,27.66,30.13,0.19
57.79,26.49,31.3,0.19
57.59,27.66,29.93,0.20
57.79,26.49,31.3,0.19
57.59,26.49,31.1,0.19
57.69,27.66,30.03,0.18
57.69,26.49,31.2,0.19
57.69,28.81,28.88,0.18
57.59,27.66,29.93,0.18
57.59,27.66,29.93,0.18
57.59,27.66,29.93,0.19
57.49,26.49,31.0,0.18
57.49,27.66,29.83,0.19
57.49,28.81,28.68,0.19
57.49,27.66,29.83,0.19
57.38,26.49,30.89,0.19
57.28,26.49,30.79,0.18
57.49,26.49,31.0,0.19
57.38,27.66,29.72,0.18
57.38,27.66,29.72,0.19
57.28,26.49,30.79,0.18
57.38,28.81,28.57,0.18
57.28,27.66,29.62,0.19
57.28,28.81,28.47,0.19
57.28,28.81,28.47,0.19
57.07,27.66,29.41,0.19
57.17,26.49,30.68,0.18
57.17,27.66,29.51,0.19
57.17,26.49,30.68,0.18
57.07,27.66,29.41,0.18
57.07,27.66,29.41,0.19
56.96,26.49,30.47,0.18
57.07,27.66,29.41,0.18
57.07,28.81,28.26,0.18
56.96,26.49,30.47,0.18
56.96,26.49,30.47,0.18
56.85,27.66,29.19,0.18
56.85,26.49,30.36,0.18
56.96,28.81,28.15,0.18
56.85,28.81,28.04,0.18
56.73,27.66,29.07,0.18
56.62,25.29,31.33,0.18
56.73,27.66,29.07,0.17
56.85,27.66,29.19,0.18
56.62,26.49,30.13,0.18
56.73,28.81,27.92,0.18
56.73,27.66,29.07,0.18
56.62,28.81,27.81,0.18
56.73,25.29,31.44,0.18
56.51,26.49,30.02,0.17
56.51,28.81,27.7,0.17
56.62,27.66,28.96,0.18
56.28,27.66,28.62,0.18
56.51,26.49,30.02,0.17
56.51,27.66,28.85,0.17
56.51,27.66,28.85,0.17
56.51,28.81,27.7,0.18
56.39,27.66,28.73,0.18
56.28,26.49,29.79,0.18
56.16,26.49,29.67,0.18
56.39,27.66,28.73,0.18
56.16,26.49,29.67,0.18
56.28,26.49,29.79,0.17
56.16,28.81,27.35,0.18
56.16,26.49,29.67,0.18
56.16,27.66,28.5,0.18
56.04,26.49,29.55,0.18
56.16,26.49,29.67,0.17
56.04,27.66,28.38,0.18
56.16,27.66,28.5,0.18
55.92,26.49,29.43,0.17
55.92,28.81,27.11,0.17
56.16,27.66,28.5,0.17
55.92,27.66,28.26,0.17
55.80,28.81,26.99,0.17
55.92,26.49,29.43,0.18
55.80,26.49,29.31,0.17
55.68,26.49,29.19,0.17
55.80,27.66,28.14,0.17
55.80,26.49,29.31,0.18
55.80,26.49,29.31,0.17
55.55,26.49,29.06,0.18
55.55,25.29,30.26,0.17
55.68,26.49,29.19,0.17
55.55,27.66,27.89,0.17
55.68,28.81,26.87,0.17
55.68,27.66,28.02,0.17
55.68,26.49,29.19,0.17
55.43,26.49,28.94,0.17
55.43,27.66,27.77,0.17
55.55,27.66,27.89,0.17
55.43,26.49,28.94,0.17
55.30,26.49,28.81,0.17
55.43,27.66,27.77,0.17
55.18,25.29,29.89,0.17
55.30,25.29,30.01,0.17
55.18,27.66,27.52,0.17
55.30,27.66,27.64,0.17
55.30,26.49,28.81,0.17
55.18,25.29,29.89,0.16
55.18,28.81,26.37,0.17
55.05,27.66,27.39,0.17
55.05,26.49,28.56,0.17
55.18,27.66,27.52,0.17
54.92,27.66,27.26,0.17
55.05,26.49,28.56,0.17
55.05,27.66,27.39,0.17
54.92,26.49,28.43,0.17
54.92,26.49,28.43,0.16
54.92,25.29,29.63,0.16
54.79,27.66,27.13,0.16
54.92,28.81,26.11,0.16
54.79,27.66,27.13,0.16
54.79,26.49,28.3,0.17
54.66,25.29,29.37,0.16
54.66,27.66,27.0,0.17
54.66,25.29,29.37,0.16
54.52,27.66,26.86,0.16
54.52,25.29,29.23,0.16
54.52,26.49,28.03,0.16
54.52,27.66,26.86,0.16
54.52,25.29,29.23,0.17
54.52,27.66,26.86,0.16
54.39,26.49,27.9,0.17
54.26,27.66,26.6,0.16
54.39,26.49,27.9,0.16
54.26,27.66,26.6,0.16
54.39,27.66,26.73,0.16
54.26,25.29,28.97,0.16
54.26,27.66,26.6,0.16
54.26,27.66,26.6,0.16
54.26,25.29,28.97,0.17
54.12,26.49,27.63,0.16
53.98,27.66,26.32,0.17
53.84,26.49,27.35,0.16
53.98,25.29,28.69,0.16
53.98,26.49,27.49,0.16
54.12,27.66,26.46,0.16
54.12,26.49,27.63,0.16
53.98,26.49,27.49,0.16
53.98,25.29,28.69,0.16
53.84,26.49,27.35,0.16
53.98,27.66,26.32,0.16
53.84,26.49,27.35,0.16
53.84,25.29,28.55,0.16
53.84,26.49,27.35,0.16
53.71,27.66,26.05,0.16
53.71,25.29,28.42,0.17
53.57,27.66,25.91,0.16
53.71,28.81,24.9,0.16
53.57,25.29,28.28,0.16
53.57,26.49,27.08,0.16
53.57,26.49,27.08,0.16
53.57,26.49,27.08,0.16
53.42,26.49,26.93,0.16
53.42,26.49,26.93,0.16
53.71,25.29,28.42,0.15
53.28,26.49,26.79,0.16
53.42,25.29,28.13,0.15
53.42,26.49,26.93,0.16
53.28,24.07,29.21,0.16
53.14,25.29,27.85,0.16
53.14,25.29,27.85,0.16
53.28,25.29,27.99,0.16
53.14,26.49,26.65,0.15
53.14,27.66,25.48,0.16
53.14,26.49,26.65,0.16
53.14,26.49,26.65,0.16
53.28,26.49,26.79,0.16
52.99,27.66,25.33,0.16
52.99,24.07,28.92,0.16
53.14,26.49,26.65,0.16
52.99,26.49,26.5,0.15
52.99,26.49,26.5,0.16
52.99,26.49,26.5,0.16
52.70,25.29,27.41,0.15
52.85,25.29,27.56,0.15
52.70,25.29,27.41,0.16
52.70,25.29,27.41,0.15
52.55,27.66,24.89,0.16
52.55,26.49,26.06,0.16
52.55,24.07,28.48,0.16
52.55,25.29,27.26,0.15
52.55,26.49,26.06,0.16
52.40,27.66,24.74,0.16
52.40,25.29,27.11,0.15
52.40,25.29,27.11,0.16
52.40,25.29,27.11,0.15
52.40,24.07,28.33,0.16
52.25,24.07,28.18,0.16
52.25,26.49,25.76,0.15
52.25,26.49,25.76,0.15
52.25,25.29,26.96,0.15
51.95,26.49,25.46,0.15
52.40,26.49,25.91,0.15
52.10,24.07,28.03,0.15
52.10,25.29,26.81,0.15
52.10,26.49,25.61,0.16
52.10,25.29,26.81,0.16
52.10,26.49,25.61,0.15
51.95,26.49,25.46,0.15
52.10,27.66,24.44,0.15
51.95,26.49,25.46,0.15
52.10,24.07,28.03,0.15
52.10,26.49,25.61,0.15
51.80,26.49,25.31,0.15
51.80,27.66,24.14,0.15
51.95,27.66,24.29,0.15
51.80,25.29,26.51,0.15
51.64,25.29,26.35,0.16
51.64,26.49,25.15,0.15
51.64,25.29,26.35,0.16
51.64,24.07,27.57,0.15
51.33,26.49,24.84,0.15
51.64,26.49,25.15,0.15
51.33,24.07,27.26,0.15
51.64,26.49,25.15,0.15
51.33,25.29,26.04,0.15
51.49,26.49,25.0,0.15
51.18,25.29,25.89,0.15
51.18,26.49,24.69,0.15
51.49,25.29,26.2,0.15
51.18,25.29,25.89,0.15
51.02,25.29,25.73,0.15
51.18,25.29,25.89,0.14
51.18,26.49,24.69,0.15
51.18,26.49,24.69,0.14
51.02,25.29,25.73,0.14
51.02,24.07,26.95,0.15
51.02,25.29,25.73,0.15
50.86,25.29,25.57,0.15
50.86,26.49,24.37,0.15
51.02,24.07,26.95,0.15
50.70,26.49,24.21,0.15
50.86,24.07,26.79,0.15
50.86,26.49,24.37,0.15
50.86,26.49,24.37,0.15
50.86,25.29,25.57,0.15
50.86,25.29,25.57,0.15
50.86,25.29,25.57,0.14
50.86,25.29,25.57,0.15
50.70,25.29,25.41,0.15
50.54,26.49,24.05,0.14
50.54,26.49,24.05,0.15
50.54,25.29,25.25,0.15
50.70,26.49,24.21,0.14
50.70,25.29,25.41,0.14
50.38,25.29,25.09,0.14
50.54,24.07,26.47,0.15
50.54,25.29,25.25,0.15
50.38,27.66,22.72,0.14
50.54,24.07,26.47,0.15
50.21,25.29,24.92,0.15
50.21,24.07,26.14,0.15
50.38,26.49,23.89,0.14
50.21,26.49,23.72,0.15
50.38,26.49,23.89,0.15
50.21,24.07,26.14,0.14
50.38,25.29,25.09,0.15
50.21,25.29,24.92,0.15
50.05,25.29,24.76,0.15
50.05,26.49,23.56,0.15
50.21,25.29,24.92,0.15
50.05,25.29,24.76,0.14
50.05,25.29,24.76,0.15
49.89,25.29,24.6,0.14
49.89,25.29,24.6,0.14
49.89,26.49,23.4,0.15
49.72,26.49,23.23,0.14
49.89,25.29,24.6,0.15
49.72,25.29,24.43,0.14
49.56,25.29,24.27,0.15
49.89,25.29,24.6,0.14
49.56,25.29,24.27,0.14
49.72,24.07,25.65,0.14
49.72,26.49,23.23,0.14
49.72,25.29,24.43,0.14
49.56,26.49,23.07,0.14
49.39,25.29,24.1,0.14
49.56,25.29,24.27,0.14
49.22,24.07,25.15,0.15
49.39,25.29,24.1,0.14
49.22,25.29,23.93,0.15
49.39,25.29,24.1,0.14
49.22,24.07,25.15,0.14
49.22,22.82,26.4,0.14
49.56,25.29,24.27,0.14
49.22,24.07,25.15,0.14
49.39,25.29,24.1,0.14
49.22,24.07,25.15,0.15
49.05,25.29,23.76,0.14
49.05,25.29,23.76,0.14
49.22,26.49,22.73,0.14
48.88,26.49,22.39,0.13
49.22,26.49,22.73,0.14
48.88,24.07,24.81,0.14
48.88,24.07,24.81,0.14
49.05,26.49,22.56,0.14
48.88,25.29,23.59,0.14
48.88,25.29,23.59,0.13
48.88,25.29,23.59,0.14
48.88,25.29,23.59,0.15
48.71,24.07,24.64,0.14
48.88,25.29,23.59,0.14
48.71,25.29,23.42,0.14
48.71,24.07,24.64,0.14
48.71,24.07,24.64,0.14
48.71,25.29,23.42,0.14
48.71,24.07,24.64,0.14
48.71,25.29,23.42,0.14
48.54,24.07,24.47,0.14
48.54,24.07,24.47,0.14
48.54,25.29,23.25,0.14
48.37,25.29,23.08,0.15
48.54,24.07,24.47,0.14
48.54,24.07,24.47,0.14
48.20,25.29,22.91,0.14
48.37,25.29,23.08,0.14
48.54,25.29,23.25,0.14
48.20,26.49,21.71,0.14
48.20,25.29,22.91,0.15
48.20,24.07,24.13,0.14
48.20,24.07,24.13,0.13
48.37,24.07,24.3,0.14
48.02,24.07,23.95,0.14
48.02,25.29,22.73,0.14
48.02,25.29,22.73,0.14
48.02,22.82,25.2,0.13
48.02,24.07,23.95,0.14
47.85,24.07,23.78,0.14
48.02,24.07,23.95,0.14
48.02,24.07,23.95,0.13
47.67,25.29,22.38,0.14
47.85,22.82,25.03,0.14
47.85,25.29,22.56,0.14
47.67,25.29,22.38,0.13
47.85,25.29,22.56,0.13
47.67,24.07,23.6,0.13
47.67,24.07,23.6,0.14
47.67,26.49,21.18,0.14
47.67,22.82,24.85,0.13
47.67,25.29,22.38,0.14
47.67,25.29,22.38,0.13
47.50,24.07,23.43,0.14
47.50,24.07,23.43,0.14
47.50,24.07,23.43,0.13
47.50,24.07,23.43,0.14
47.50,24.07,23.43,0.13
47.50,25.29,22.21,0.14
47.32,24.07,23.25,0.13
47.50,24.07,23.43,0.13
47.14,22.82,24.32,0.14
47.50,24.07,23.43,0.14
47.14,25.29,21.85,0.14
47.14,24.07,23.07,0.13
46.79,24.07,22.72,0.14
46.97,24.07,22.9,0.14
46.97,25.29,21.68,0.14
46.97,25.29,21.68,0.14
46.97,25.29,21.68,0.13
47.14,24.07,23.07,0.14
46.97,24.07,22.9,0.13
46.97,24.07,22.9,0.14
47.14,24.07,23.07,0.14
46.97,24.07,22.9,0.13
46.79,26.49,20.3,0.13
46.79,24.07,22.72,0.13
46.79,25.29,21.5,0.14
46.79,26.49,20.3,0.13
46.97,25.29,21.68,0.13
46.61,22.82,23.79,0.12
46.61,25.29,21.32,0.14
46.79,22.82,23.97,0.13
46.79,24.07,22.72,0.14
46.79,25.29,21.5,0.13
46.61,22.82,23.79,0.13
46.79,25.29,21.5,0.13
46.61,25.29,21.32,0.13
46.61,25.29,21.32,0.13
46.61,25.29,21.32,0.13
46.25,24.07,22.18,0.14
46.25,24.07,22.18,0.13
46.43,25.29,21.14,0.13
46.06,25.29,20.77,0.13
46.25,22.82,23.43,0.14
46.06,25.29,20.77,0.13
46.25,24.07,22.18,0.14
46.43,24.07,22.36,0.14
46.06,24.07,21.99,0.13
46.25,24.07,22.18,0.13
46.25,24.07,22.18,0.13
46.06,22.82,23.24,0.13
45.88,22.82,23.06,0.13
45.88,26.49,19.39,0.12
46.06,24.07,21.99,0.13
46.06,24.07,21.99,0.13
46.06,22.82,23.24,0.13
46.06,21.55,24.51,0.13
45.88,25.29,20.59,0.13
45.88,26.49,19.39,0.14
45.88,24.07,21.81,0.13
46.06,21.55,24.51,0.13
45.88,24.07,21.81,0.13
45.51,25.29,20.22,0.13
45.51,24.07,21.44,0.13
45.70,24.07,21.63,0.13
45.70,24.07,21.63,0.13
45.51,25.29,20.22,0.13
45.70,26.49,19.21,0.13
45.70,24.07,21.63,0.13
45.51,24.07,21.44,0.13
45.51,24.07,21.44,0.13
45.51,25.29,20.22,0.13
45.51,24.07,21.44,0.12
45.51,21.55,23.96,0.13
45.33,22.82,22.51,0.13
45.33,22.82,22.51,0.12
45.51,24.07,21.44,0.14
45.33,21.55,23.78,0.13
45.15,22.82,22.33,0.13
45.15,24.07,21.08,0.12
45.15,24.07,21.08,0.13
45.15,22.82,22.33,0.13
45.15,22.82,22.33,0.13
45.15,24.07,21.08,0.13
45.33,24.07,21.26,0.13
44.96,25.29,19.67,0.13
44.96,21.55,23.41,0.12
44.96,24.07,20.89,0.13
45.33,25.29,20.04,0.13
45.15,24.07,21.08,0.13
44.77,22.82,21.95,0.13
44.96,22.82,22.14,0.13
45.15,25.29,19.86,0.12
44.96,22.82,22.14,0.13
44.77,24.07,20.7,0.13
44.77,22.82,21.95,0.13
44.77,25.29,19.48,0.13
44.77,25.29,19.48,0.12
44.77,24.07,20.7,0.12
44.77,25.29,19.48,0.13
44.59,22.82,21.77,0.12
44.59,22.82,21.77,0.13
44.59,24.07,20.52,0.12
44.77,22.82,21.95,0.13
44.40,22.82,21.58,0.13
44.40,24.07,20.33,0.12
44.59,24.07,20.52,0.13
44.40,25.29,19.11,0.13
44.40,24.07,20.33,0.12
44.21,24.07,20.14,0.12
44.59,25.29,19.3,0.12
44.40,24.07,20.33,0.12
44.40,22.82,21.58,0.12
44.21,22.82,21.39,0.13
44.40,24.07,20.33,0.13
44.21,24.07,20.14,0.13
44.21,24.07,20.14,0.12
44.02,24.07,19.95,0.13
44.02,24.07,19.95,0.12
44.21,22.82,21.39,0.13
44.02,24.07,19.95,0.13
44.21,22.82,21.39,0.12
44.02,22.82,21.2,0.13
44.02,24.07,19.95,0.12
44.02,25.29,18.73,0.12
44.21,22.82,21.39,0.12
43.83,21.55,22.28,0.13
43.83,24.07,19.76,0.12
43.83,24.07,19.76,0.12
44.02,24.07,19.95,0.12
43.83,22.82,21.01,0.13
43.64,22.82,20.82,0.12
43.83,22.82,21.01,0.13
43.83,22.82,21.01,0.12
43.64,24.07,19.57,0.13
43.83,24.07,19.76,0.12
43.64,24.07,19.57,0.12
43.64,22.82,20.82,0.11
43.64,24.07,19.57,0.12
43.45,24.07,19.38,0.12
43.64,25.29,18.35,0.12
43.45,22.82,20.63,0.12
43.45,22.82,20.63,0.13
43.64,21.55,22.09,0.12
43.45,24.07,19.38,0.12
43.64,21.55,22.09,0.13
43.26,24.07,19.19,0.12
43.45,24.07,19.38,0.12
43.64,22.82,20.82,0.12
43.26,24.07,19.19,0.12
43.26,24.07,19.19,0.12
43.26,24.07,19.19,0.13
43.26,24.07,19.19,0.12
43.26,24.07,19.19,0.12
43.07,25.29,17.78,0.12
43.07,24.07,19.0,0.12
43.26,22.82,20.44,0.12
43.26,22.82,20.44,0.13
43.45,24.07,19.38,0.12
43.07,21.55,21.52,0.12
43.26,24.07,19.19,0.12
42.88,22.82,20.06,0.12
43.07,24.07,19.0,0.11
42.88,24.07,18.81,0.12
43.07,22.82,20.25,0.11
42.69,22.82,19.87,0.12
43.07,21.55,21.52,0.12
42.88,22.82,20.06,0.12
42.88,25.29,17.59,0.12
42.49,25.29,17.2,0.11
42.69,24.07,18.62,0.12
42.69,22.82,19.87,0.12
42.88,22.82,20.06,0.12
42.49,20.25,22.24,0.12
42.88,20.25,22.63,0.12
42.69,24.07,18.62,0.12
42.49,21.55,20.94,0.11
42.30,24.07,18.23,0.12
42.49,24.07,18.42,0.12
42.69,21.55,21.14,0.12
42.30,22.82,19.48,0.12
42.30,24.07,18.23,0.11
42.49,22.82,19.67,0.12
42.49,24.07,18.42,0.12
42.69,22.82,19.87,0.12
42.49,24.07,18.42,0.12
42.30,22.82,19.48,0.12
42.30,22.82,19.48,0.11
42.49,24.07,18.42,0.12
42.30,24.07,18.23,0.11
42.30,24.07,18.23,0.12
42.30,24.07,18.23,0.12
42.30,24.07,18.23,0.11
42.30,21.55,20.75,0.12
42.10,22.82,19.28,0.12
42.30,22.82,19.48,0.12
42.10,24.07,18.03,0.12
42.10,22.82,19.28,0.11
42.10,22.82,19.28,0.12
42.30,22.82,19.48,0.12
42.30,22.82,19.48,0.12
42.10,22.82,19.28,0.11
41.91,21.55,20.36,0.12
41.91,22.82,19.09,0.12
41.71,22.82,18.89,0.11
41.91,22.82,19.09,0.12
41.71,21.55,20.16,0.12
41.71,21.55,20.16,0.12
41.71,21.55,20.16,0.12
41.91,24.07,17.84,0.12
41.71,21.55,20.16,0.12
42.10,24.07,18.03,0.12
41.52,21.55,19.97,0.12
41.71,24.07,17.64,0.12
41.52,21.55,19.97,0.12
41.52,21.55,19.97,0.11
41.52,22.82,18.7,0.11
41.32,22.82,18.5,0.12
41.71,22.82,18.89,0.12
41.52,21.55,19.97,0.11
41.32,22.82,18.5,0.12
41.32,22.82,18.5,0.12
41.71,22.82,18.89,0.12
41.52,22.82,18.7,0.11
41.52,22.82,18.7,0.11
41.13,21.55,19.58,0.11
41.13,24.07,17.06,0.11
41.52,24.07,17.45,0.12
41.52,21.55,19.97,0.11
41.32,21.55,19.77,0.12
41.32,21.55,19.77,0.12
41.52,24.07,17.45,0.11
41.32,24.07,17.25,0.11
41.13,24.07,17.06,0.11
41.32,24.07,17.25,0.12
41.13,22.82,18.31,0.11
41.32,22.82,18.5,0.12
41.13,21.55,19.58,0.11
40.93,21.55,19.38,0.11
41.13,21.55,19.58,0.11
40.93,24.07,16.86,0.11
41.13,21.55,19.58,0.11
40.73,22.82,17.91,0.12
40.93,22.82,18.11,0.12
40.93,22.82,18.11,0.12
40.93,21.55,19.38,0.12
41.13,22.82,18.31,0.11
40.73,24.07,16.66,0.11
40.73,20.25,20.48,0.12
40.73,22.82,17.91,0.10
40.93,22.82,18.11,0.11
40.73,22.82,17.91,0.11
40.73,22.82,17.91,0.11
40.73,22.82,17.91,0.11
40.54,22.82,17.72,0.11
40.73,22.82,17.91,0.11
40.54,22.82,17.72,0.10
40.73,21.55,19.18,0.11
40.73,21.55,19.18,0.11
40.54,21.55,18.99,0.11
40.54,22.82,17.72,0.12
40.54,21.55,18.99,0.11
40.54,21.55,18.99,0.11
40.34,22.82,17.52,0.12
40.73,22.82,17.91,0.11
40.73,20.25,20.48,0.12
40.54,22.82,17.72,0.11
40.14,20.25,19.89,0.11
40.54,22.82,17.72,0.11
40.54,21.55,18.99,0.11
40.34,21.55,18.79,0.11
40.14,22.82,17.32,0.11
40.14,21.55,18.59,0.11
40.14,22.82,17.32,0.11
40.34,21.55,18.79,0.11
39.94,20.25,19.69,0.11
40.34,21.55,18.79,0.11
40.14,21.55,18.59,0.12
40.14,21.55,18.59,0.11
40.14,21.55,18.59,0.11
40.14,21.55,18.59,0.11
39.74,22.82,16.92,0.11
40.14,22.82,17.32,0.11
40.14,22.82,17.32,0.11
39.94,21.55,18.39,0.11
39.74,21.55,18.19,0.11
39.94,22.82,17.12,0.11
39.94,24.07,15.87,0.11
39.94,21.55,18.39,0.11
39.74,22.82,16.92,0.10
39.74,22.82,16.92,0.11
39.74,22.82,16.92,0.10
39.94,22.82,17.12,0.11
39.74,22.82,16.92,0.11
39.74,21.55,18.19,0.11
39.74,21.55,18.19,0.11
39.74,21.55,18.19,0.10
39.54,22.82,16.72,0.11
39.94,21.55,18.39,0.11
39.94,21.55,18.39,0.12
39.74,21.55,18.19,0.11
39.14,20.25,18.89,0.10
39.74,21.55,18.19,0.11
39.94,22.82,17.12,0.11
39.74,21.55,18.19,0.11
39.54,21.55,17.99,0.12
39.14,21.55,17.59,0.11
39.34,22.82,16.52,0.11
39.74,24.07,15.67,0.11
39.14,21.55,17.59,0.11
39.54,20.25,19.29,0.11
39.34,22.82,16.52,0.11
39.34,21.55,17.79,0.11
39.14,24.07,15.07,0.10
39.34,22.82,16.52,0.10
39.34,20.25,19.09,0.11
39.34,20.25,19.09,0.11
39.34,22.82,16.52,0.10
39.34,20.25,19.09,0.11
39.34,24.07,15.27,0.10
38.94,20.25,18.69,0.11
39.14,21.55,17.59,0.11
39.14,21.55,17.59,0.11
39.34,22.82,16.52,0.11
38.94,21.55,17.39,0.11
38.94,22.82,16.12,0.10
39.14,22.82,16.32,0.11
39.14,21.55,17.59,0.11
38.94,20.25,18.69,0.10
38.94,21.55,17.39,0.11
38.74,21.55,17.19,0.11
38.74,24.07,14.67,0.11
38.94,21.55,17.39,0.10
38.94,21.55,17.39,0.10
38.94,20.25,18.69,0.11
38.94,21.55,17.39,0.10
38.74,20.25,18.49,0.11
38.54,21.55,16.99,0.10
39.14,22.82,16.32,0.11
38.94,21.55,17.39,0.11
38.74,21.55,17.19,0.11
38.54,21.55,16.99,0.11
38.54,20.25,18.29,0.10
38.74,20.25,18.49,0.11
38.54,21.55,16.99,0.11
38.54,21.55,16.99,0.11
38.54,21.55,16.99,0.10
38.74,20.25,18.49,0.10
38.34,22.82,15.52,0.11
38.54,20.25,18.29,0.11
38.34,21.55,16.79,0.10
38.34,20.25,18.09,0.10
38.74,20.25,18.49,0.10
38.13,20.25,17.88,0.10
38.34,22.82,15.52,0.10
38.54,21.55,16.99,0.10
38.54,20.25,18.29,0.10
38.13,22.82,15.31,0.10
38.34,20.25,18.09,0.10
38.13,24.07,14.06,0.10
37.93,21.55,16.38,0.11
38.13,21.55,16.58,0.11
38.13,21.55,16.58,0.10
38.13,20.25,17.88,0.10
38.13,21.55,16.58,0.10
38.34,21.55,16.79,0.10
38.34,21.55,16.79,0.10
37.93,21.55,16.38,0.10
38.13,21.55,16.58,0.10
38.13,20.25,17.88,0.11
37.93,21.55,16.38,0.10
37.93,21.55,16.38,0.11
38.13,21.55,16.58,0.11
38.34,20.25,18.09,0.10
38.13,22.82,15.31,0.10
38.13,22.82,15.31,0.11
37.93,22.82,15.11,0.10
37.93,20.25,17.68,0.10
38.13,22.82,15.31,0.10
37.73,21.55,16.18,0.10
37.73,21.55,16.18,0.10
37.53,21.55,15.98,0.10
38.13,20.25,17.88,0.10
37.73,22.82,14.91,0.11
37.73,21.55,16.18,0.10
37.53,20.25,17.28,0.11
37.93,21.55,16.38,0.10
37.53,20.25,17.28,0.10
37.73,20.25,17.48,0.10
37.73,20.25,17.48,0.10
37.73,22.82,14.91,0.10
37.73,20.25,17.48,0.10
37.73,18.92,18.81,0.10
37.53,24.07,13.46,0.11
37.53,20.25,17.28,0.10
37.73,22.82,14.91,0.10
37.53,18.92,18.61,0.11
37.53,21.55,15.98,0.10
37.53,20.25,17.28,0.10
37.32,21.55,15.77,0.11
37.32,21.55,15.77,0.11
37.53,24.07,13.46,0.10
37.53,21.55,15.98,0.10
37.53,20.25,17.28,0.11
37.53,22.82,14.71,0.11
37.53,21.55,15.98,0.11
36.92,21.55,15.37,0.10
37.73,24.07,13.66,0.10
37.53,20.25,17.28,0.10
37.12,20.25,16.87,0.10
37.53,20.25,17.28,0.10
37.12,20.25,16.87,0.11
37.12,21.55,15.57,0.11
37.32,22.82,14.5,0.09
37.12,20.25,16.87,0.10
37.12,20.25,16.87,0.10
37.32,20.25,17.07,0.10
37.12,21.55,15.57,0.10
36.71,20.25,16.46,0.10
37.12,22.82,14.3,0.10
37.12,22.82,14.3,0.10
